Mesh_45x15
675 675 1290
1 2
1 16
2 3
2 17
3 4
3 18
4 5
4 19
5 6
5 20
6 7
6 21
7 8
7 22
8 9
8 23
9 10
9 24
10 11
10 25
11 12
11 26
12 13
12 27
13 14
13 28
14 15
14 29
15 30
16 17
16 31
17 18
17 32
18 19
18 33
19 20
19 34
20 21
20 35
21 22
21 36
22 23
22 37
23 24
23 38
24 25
24 39
25 26
25 40
26 27
26 41
27 28
27 42
28 29
28 43
29 30
29 44
30 45
31 32
31 46
32 33
32 47
33 34
33 48
34 35
34 49
35 36
35 50
36 37
36 51
37 38
37 52
38 39
38 53
39 40
39 54
40 41
40 55
41 42
41 56
42 43
42 57
43 44
43 58
44 45
44 59
45 60
46 47
46 61
47 48
47 62
48 49
48 63
49 50
49 64
50 51
50 65
51 52
51 66
52 53
52 67
53 54
53 68
54 55
54 69
55 56
55 70
56 57
56 71
57 58
57 72
58 59
58 73
59 60
59 74
60 75
61 62
61 76
62 63
62 77
63 64
63 78
64 65
64 79
65 66
65 80
66 67
66 81
67 68
67 82
68 69
68 83
69 70
69 84
70 71
70 85
71 72
71 86
72 73
72 87
73 74
73 88
74 75
74 89
75 90
76 77
76 91
77 78
77 92
78 79
78 93
79 80
79 94
80 81
80 95
81 82
81 96
82 83
82 97
83 84
83 98
84 85
84 99
85 86
85 100
86 87
86 101
87 88
87 102
88 89
88 103
89 90
89 104
90 105
91 92
91 106
92 93
92 107
93 94
93 108
94 95
94 109
95 96
95 110
96 97
96 111
97 98
97 112
98 99
98 113
99 100
99 114
100 101
100 115
101 102
101 116
102 103
102 117
103 104
103 118
104 105
104 119
105 120
106 107
106 121
107 108
107 122
108 109
108 123
109 110
109 124
110 111
110 125
111 112
111 126
112 113
112 127
113 114
113 128
114 115
114 129
115 116
115 130
116 117
116 131
117 118
117 132
118 119
118 133
119 120
119 134
120 135
121 122
121 136
122 123
122 137
123 124
123 138
124 125
124 139
125 126
125 140
126 127
126 141
127 128
127 142
128 129
128 143
129 130
129 144
130 131
130 145
131 132
131 146
132 133
132 147
133 134
133 148
134 135
134 149
135 150
136 137
136 151
137 138
137 152
138 139
138 153
139 140
139 154
140 141
140 155
141 142
141 156
142 143
142 157
143 144
143 158
144 145
144 159
145 146
145 160
146 147
146 161
147 148
147 162
148 149
148 163
149 150
149 164
150 165
151 152
151 166
152 153
152 167
153 154
153 168
154 155
154 169
155 156
155 170
156 157
156 171
157 158
157 172
158 159
158 173
159 160
159 174
160 161
160 175
161 162
161 176
162 163
162 177
163 164
163 178
164 165
164 179
165 180
166 167
166 181
167 168
167 182
168 169
168 183
169 170
169 184
170 171
170 185
171 172
171 186
172 173
172 187
173 174
173 188
174 175
174 189
175 176
175 190
176 177
176 191
177 178
177 192
178 179
178 193
179 180
179 194
180 195
181 182
181 196
182 183
182 197
183 184
183 198
184 185
184 199
185 186
185 200
186 187
186 201
187 188
187 202
188 189
188 203
189 190
189 204
190 191
190 205
191 192
191 206
192 193
192 207
193 194
193 208
194 195
194 209
195 210
196 197
196 211
197 198
197 212
198 199
198 213
199 200
199 214
200 201
200 215
201 202
201 216
202 203
202 217
203 204
203 218
204 205
204 219
205 206
205 220
206 207
206 221
207 208
207 222
208 209
208 223
209 210
209 224
210 225
211 212
211 226
212 213
212 227
213 214
213 228
214 215
214 229
215 216
215 230
216 217
216 231
217 218
217 232
218 219
218 233
219 220
219 234
220 221
220 235
221 222
221 236
222 223
222 237
223 224
223 238
224 225
224 239
225 240
226 227
226 241
227 228
227 242
228 229
228 243
229 230
229 244
230 231
230 245
231 232
231 246
232 233
232 247
233 234
233 248
234 235
234 249
235 236
235 250
236 237
236 251
237 238
237 252
238 239
238 253
239 240
239 254
240 255
241 242
241 256
242 243
242 257
243 244
243 258
244 245
244 259
245 246
245 260
246 247
246 261
247 248
247 262
248 249
248 263
249 250
249 264
250 251
250 265
251 252
251 266
252 253
252 267
253 254
253 268
254 255
254 269
255 270
256 257
256 271
257 258
257 272
258 259
258 273
259 260
259 274
260 261
260 275
261 262
261 276
262 263
262 277
263 264
263 278
264 265
264 279
265 266
265 280
266 267
266 281
267 268
267 282
268 269
268 283
269 270
269 284
270 285
271 272
271 286
272 273
272 287
273 274
273 288
274 275
274 289
275 276
275 290
276 277
276 291
277 278
277 292
278 279
278 293
279 280
279 294
280 281
280 295
281 282
281 296
282 283
282 297
283 284
283 298
284 285
284 299
285 300
286 287
286 301
287 288
287 302
288 289
288 303
289 290
289 304
290 291
290 305
291 292
291 306
292 293
292 307
293 294
293 308
294 295
294 309
295 296
295 310
296 297
296 311
297 298
297 312
298 299
298 313
299 300
299 314
300 315
301 302
301 316
302 303
302 317
303 304
303 318
304 305
304 319
305 306
305 320
306 307
306 321
307 308
307 322
308 309
308 323
309 310
309 324
310 311
310 325
311 312
311 326
312 313
312 327
313 314
313 328
314 315
314 329
315 330
316 317
316 331
317 318
317 332
318 319
318 333
319 320
319 334
320 321
320 335
321 322
321 336
322 323
322 337
323 324
323 338
324 325
324 339
325 326
325 340
326 327
326 341
327 328
327 342
328 329
328 343
329 330
329 344
330 345
331 332
331 346
332 333
332 347
333 334
333 348
334 335
334 349
335 336
335 350
336 337
336 351
337 338
337 352
338 339
338 353
339 340
339 354
340 341
340 355
341 342
341 356
342 343
342 357
343 344
343 358
344 345
344 359
345 360
346 347
346 361
347 348
347 362
348 349
348 363
349 350
349 364
350 351
350 365
351 352
351 366
352 353
352 367
353 354
353 368
354 355
354 369
355 356
355 370
356 357
356 371
357 358
357 372
358 359
358 373
359 360
359 374
360 375
361 362
361 376
362 363
362 377
363 364
363 378
364 365
364 379
365 366
365 380
366 367
366 381
367 368
367 382
368 369
368 383
369 370
369 384
370 371
370 385
371 372
371 386
372 373
372 387
373 374
373 388
374 375
374 389
375 390
376 377
376 391
377 378
377 392
378 379
378 393
379 380
379 394
380 381
380 395
381 382
381 396
382 383
382 397
383 384
383 398
384 385
384 399
385 386
385 400
386 387
386 401
387 388
387 402
388 389
388 403
389 390
389 404
390 405
391 392
391 406
392 393
392 407
393 394
393 408
394 395
394 409
395 396
395 410
396 397
396 411
397 398
397 412
398 399
398 413
399 400
399 414
400 401
400 415
401 402
401 416
402 403
402 417
403 404
403 418
404 405
404 419
405 420
406 407
406 421
407 408
407 422
408 409
408 423
409 410
409 424
410 411
410 425
411 412
411 426
412 413
412 427
413 414
413 428
414 415
414 429
415 416
415 430
416 417
416 431
417 418
417 432
418 419
418 433
419 420
419 434
420 435
421 422
421 436
422 423
422 437
423 424
423 438
424 425
424 439
425 426
425 440
426 427
426 441
427 428
427 442
428 429
428 443
429 430
429 444
430 431
430 445
431 432
431 446
432 433
432 447
433 434
433 448
434 435
434 449
435 450
436 437
436 451
437 438
437 452
438 439
438 453
439 440
439 454
440 441
440 455
441 442
441 456
442 443
442 457
443 444
443 458
444 445
444 459
445 446
445 460
446 447
446 461
447 448
447 462
448 449
448 463
449 450
449 464
450 465
451 452
451 466
452 453
452 467
453 454
453 468
454 455
454 469
455 456
455 470
456 457
456 471
457 458
457 472
458 459
458 473
459 460
459 474
460 461
460 475
461 462
461 476
462 463
462 477
463 464
463 478
464 465
464 479
465 480
466 467
466 481
467 468
467 482
468 469
468 483
469 470
469 484
470 471
470 485
471 472
471 486
472 473
472 487
473 474
473 488
474 475
474 489
475 476
475 490
476 477
476 491
477 478
477 492
478 479
478 493
479 480
479 494
480 495
481 482
481 496
482 483
482 497
483 484
483 498
484 485
484 499
485 486
485 500
486 487
486 501
487 488
487 502
488 489
488 503
489 490
489 504
490 491
490 505
491 492
491 506
492 493
492 507
493 494
493 508
494 495
494 509
495 510
496 497
496 511
497 498
497 512
498 499
498 513
499 500
499 514
500 501
500 515
501 502
501 516
502 503
502 517
503 504
503 518
504 505
504 519
505 506
505 520
506 507
506 521
507 508
507 522
508 509
508 523
509 510
509 524
510 525
511 512
511 526
512 513
512 527
513 514
513 528
514 515
514 529
515 516
515 530
516 517
516 531
517 518
517 532
518 519
518 533
519 520
519 534
520 521
520 535
521 522
521 536
522 523
522 537
523 524
523 538
524 525
524 539
525 540
526 527
526 541
527 528
527 542
528 529
528 543
529 530
529 544
530 531
530 545
531 532
531 546
532 533
532 547
533 534
533 548
534 535
534 549
535 536
535 550
536 537
536 551
537 538
537 552
538 539
538 553
539 540
539 554
540 555
541 542
541 556
542 543
542 557
543 544
543 558
544 545
544 559
545 546
545 560
546 547
546 561
547 548
547 562
548 549
548 563
549 550
549 564
550 551
550 565
551 552
551 566
552 553
552 567
553 554
553 568
554 555
554 569
555 570
556 557
556 571
557 558
557 572
558 559
558 573
559 560
559 574
560 561
560 575
561 562
561 576
562 563
562 577
563 564
563 578
564 565
564 579
565 566
565 580
566 567
566 581
567 568
567 582
568 569
568 583
569 570
569 584
570 585
571 572
571 586
572 573
572 587
573 574
573 588
574 575
574 589
575 576
575 590
576 577
576 591
577 578
577 592
578 579
578 593
579 580
579 594
580 581
580 595
581 582
581 596
582 583
582 597
583 584
583 598
584 585
584 599
585 600
586 587
586 601
587 588
587 602
588 589
588 603
589 590
589 604
590 591
590 605
591 592
591 606
592 593
592 607
593 594
593 608
594 595
594 609
595 596
595 610
596 597
596 611
597 598
597 612
598 599
598 613
599 600
599 614
600 615
601 602
601 616
602 603
602 617
603 604
603 618
604 605
604 619
605 606
605 620
606 607
606 621
607 608
607 622
608 609
608 623
609 610
609 624
610 611
610 625
611 612
611 626
612 613
612 627
613 614
613 628
614 615
614 629
615 630
616 617
616 631
617 618
617 632
618 619
618 633
619 620
619 634
620 621
620 635
621 622
621 636
622 623
622 637
623 624
623 638
624 625
624 639
625 626
625 640
626 627
626 641
627 628
627 642
628 629
628 643
629 630
629 644
630 645
631 632
631 646
632 633
632 647
633 634
633 648
634 635
634 649
635 636
635 650
636 637
636 651
637 638
637 652
638 639
638 653
639 640
639 654
640 641
640 655
641 642
641 656
642 643
642 657
643 644
643 658
644 645
644 659
645 660
646 647
646 661
647 648
647 662
648 649
648 663
649 650
649 664
650 651
650 665
651 652
651 666
652 653
652 667
653 654
653 668
654 655
654 669
655 656
655 670
656 657
656 671
657 658
657 672
658 659
658 673
659 660
659 674
660 675
661 662
662 663
663 664
664 665
665 666
666 667
667 668
668 669
669 670
670 671
671 672
672 673
673 674
674 675
