Mesh_25x5
125 125 220
1 2
1 6
2 3
2 7
3 4
3 8
4 5
4 9
5 10
6 7
6 11
7 8
7 12
8 9
8 13
9 10
9 14
10 15
11 12
11 16
12 13
12 17
13 14
13 18
14 15
14 19
15 20
16 17
16 21
17 18
17 22
18 19
18 23
19 20
19 24
20 25
21 22
21 26
22 23
22 27
23 24
23 28
24 25
24 29
25 30
26 27
26 31
27 28
27 32
28 29
28 33
29 30
29 34
30 35
31 32
31 36
32 33
32 37
33 34
33 38
34 35
34 39
35 40
36 37
36 41
37 38
37 42
38 39
38 43
39 40
39 44
40 45
41 42
41 46
42 43
42 47
43 44
43 48
44 45
44 49
45 50
46 47
46 51
47 48
47 52
48 49
48 53
49 50
49 54
50 55
51 52
51 56
52 53
52 57
53 54
53 58
54 55
54 59
55 60
56 57
56 61
57 58
57 62
58 59
58 63
59 60
59 64
60 65
61 62
61 66
62 63
62 67
63 64
63 68
64 65
64 69
65 70
66 67
66 71
67 68
67 72
68 69
68 73
69 70
69 74
70 75
71 72
71 76
72 73
72 77
73 74
73 78
74 75
74 79
75 80
76 77
76 81
77 78
77 82
78 79
78 83
79 80
79 84
80 85
81 82
81 86
82 83
82 87
83 84
83 88
84 85
84 89
85 90
86 87
86 91
87 88
87 92
88 89
88 93
89 90
89 94
90 95
91 92
91 96
92 93
92 97
93 94
93 98
94 95
94 99
95 100
96 97
96 101
97 98
97 102
98 99
98 103
99 100
99 104
100 105
101 102
101 106
102 103
102 107
103 104
103 108
104 105
104 109
105 110
106 107
106 111
107 108
107 112
108 109
108 113
109 110
109 114
110 115
111 112
111 116
112 113
112 117
113 114
113 118
114 115
114 119
115 120
116 117
116 121
117 118
117 122
118 119
118 123
119 120
119 124
120 125
121 122
122 123
123 124
124 125
