Hypercube_Q2+Q5
36 36 212
1 2
1 3
1 5
1 6
1 7
1 8
1 9
1 10
1 11
1 12
1 13
1 14
1 15
1 16
1 17
1 18
1 19
1 20
1 21
1 22
1 23
1 24
1 25
1 26
1 27
1 28
1 29
1 30
1 31
1 32
1 33
1 34
1 35
1 36
2 4
2 5
2 6
2 7
2 8
2 9
2 10
2 11
2 12
2 13
2 14
2 15
2 16
2 17
2 18
2 19
2 20
2 21
2 22
2 23
2 24
2 25
2 26
2 27
2 28
2 29
2 30
2 31
2 32
2 33
2 34
2 35
2 36
3 4
3 5
3 6
3 7
3 8
3 9
3 10
3 11
3 12
3 13
3 14
3 15
3 16
3 17
3 18
3 19
3 20
3 21
3 22
3 23
3 24
3 25
3 26
3 27
3 28
3 29
3 30
3 31
3 32
3 33
3 34
3 35
3 36
4 5
4 6
4 7
4 8
4 9
4 10
4 11
4 12
4 13
4 14
4 15
4 16
4 17
4 18
4 19
4 20
4 21
4 22
4 23
4 24
4 25
4 26
4 27
4 28
4 29
4 30
4 31
4 32
4 33
4 34
4 35
4 36
5 6
5 7
5 9
5 13
5 21
6 8
6 10
6 14
6 22
7 8
7 11
7 15
7 23
8 12
8 16
8 24
9 10
9 11
9 17
9 25
10 12
10 18
10 26
11 12
11 19
11 27
12 20
12 28
13 14
13 15
13 17
13 29
14 16
14 18
14 30
15 16
15 19
15 31
16 20
16 32
17 18
17 19
17 33
18 20
18 34
19 20
19 35
20 36
21 22
21 23
21 25
21 29
22 24
22 26
22 30
23 24
23 27
23 31
24 28
24 32
25 26
25 27
25 33
26 28
26 34
27 28
27 35
28 36
29 30
29 31
29 33
30 32
30 34
31 32
31 35
32 36
33 34
33 35
34 36
35 36
