ToroidalMesh_C3xC5xC10
150 150 450
1 2
1 5
1 6
1 11
1 16
1 136
2 3
2 7
2 12
2 17
2 137
3 4
3 8
3 13
3 18
3 138
4 5
4 9
4 14
4 19
4 139
5 10
5 15
5 20
5 140
6 7
6 10
6 11
6 21
6 141
7 8
7 12
7 22
7 142
8 9
8 13
8 23
8 143
9 10
9 14
9 24
9 144
10 15
10 25
10 145
11 12
11 15
11 26
11 146
12 13
12 27
12 147
13 14
13 28
13 148
14 15
14 29
14 149
15 30
15 150
16 17
16 20
16 21
16 26
16 31
17 18
17 22
17 27
17 32
18 19
18 23
18 28
18 33
19 20
19 24
19 29
19 34
20 25
20 30
20 35
21 22
21 25
21 26
21 36
22 23
22 27
22 37
23 24
23 28
23 38
24 25
24 29
24 39
25 30
25 40
26 27
26 30
26 41
27 28
27 42
28 29
28 43
29 30
29 44
30 45
31 32
31 35
31 36
31 41
31 46
32 33
32 37
32 42
32 47
33 34
33 38
33 43
33 48
34 35
34 39
34 44
34 49
35 40
35 45
35 50
36 37
36 40
36 41
36 51
37 38
37 42
37 52
38 39
38 43
38 53
39 40
39 44
39 54
40 45
40 55
41 42
41 45
41 56
42 43
42 57
43 44
43 58
44 45
44 59
45 60
46 47
46 50
46 51
46 56
46 61
47 48
47 52
47 57
47 62
48 49
48 53
48 58
48 63
49 50
49 54
49 59
49 64
50 55
50 60
50 65
51 52
51 55
51 56
51 66
52 53
52 57
52 67
53 54
53 58
53 68
54 55
54 59
54 69
55 60
55 70
56 57
56 60
56 71
57 58
57 72
58 59
58 73
59 60
59 74
60 75
61 62
61 65
61 66
61 71
61 76
62 63
62 67
62 72
62 77
63 64
63 68
63 73
63 78
64 65
64 69
64 74
64 79
65 70
65 75
65 80
66 67
66 70
66 71
66 81
67 68
67 72
67 82
68 69
68 73
68 83
69 70
69 74
69 84
70 75
70 85
71 72
71 75
71 86
72 73
72 87
73 74
73 88
74 75
74 89
75 90
76 77
76 80
76 81
76 86
76 91
77 78
77 82
77 87
77 92
78 79
78 83
78 88
78 93
79 80
79 84
79 89
79 94
80 85
80 90
80 95
81 82
81 85
81 86
81 96
82 83
82 87
82 97
83 84
83 88
83 98
84 85
84 89
84 99
85 90
85 100
86 87
86 90
86 101
87 88
87 102
88 89
88 103
89 90
89 104
90 105
91 92
91 95
91 96
91 101
91 106
92 93
92 97
92 102
92 107
93 94
93 98
93 103
93 108
94 95
94 99
94 104
94 109
95 100
95 105
95 110
96 97
96 100
96 101
96 111
97 98
97 102
97 112
98 99
98 103
98 113
99 100
99 104
99 114
100 105
100 115
101 102
101 105
101 116
102 103
102 117
103 104
103 118
104 105
104 119
105 120
106 107
106 110
106 111
106 116
106 121
107 108
107 112
107 117
107 122
108 109
108 113
108 118
108 123
109 110
109 114
109 119
109 124
110 115
110 120
110 125
111 112
111 115
111 116
111 126
112 113
112 117
112 127
113 114
113 118
113 128
114 115
114 119
114 129
115 120
115 130
116 117
116 120
116 131
117 118
117 132
118 119
118 133
119 120
119 134
120 135
121 122
121 125
121 126
121 131
121 136
122 123
122 127
122 132
122 137
123 124
123 128
123 133
123 138
124 125
124 129
124 134
124 139
125 130
125 135
125 140
126 127
126 130
126 131
126 141
127 128
127 132
127 142
128 129
128 133
128 143
129 130
129 134
129 144
130 135
130 145
131 132
131 135
131 146
132 133
132 147
133 134
133 148
134 135
134 149
135 150
136 137
136 140
136 141
136 146
137 138
137 142
137 147
138 139
138 143
138 148
139 140
139 144
139 149
140 145
140 150
141 142
141 145
141 146
142 143
142 147
143 144
143 148
144 145
144 149
145 150
146 147
146 150
147 148
148 149
149 150
