ToroidalMesh_C3xC5xC5
75 75 225
1 2
1 5
1 6
1 11
1 16
1 61
2 3
2 7
2 12
2 17
2 62
3 4
3 8
3 13
3 18
3 63
4 5
4 9
4 14
4 19
4 64
5 10
5 15
5 20
5 65
6 7
6 10
6 11
6 21
6 66
7 8
7 12
7 22
7 67
8 9
8 13
8 23
8 68
9 10
9 14
9 24
9 69
10 15
10 25
10 70
11 12
11 15
11 26
11 71
12 13
12 27
12 72
13 14
13 28
13 73
14 15
14 29
14 74
15 30
15 75
16 17
16 20
16 21
16 26
16 31
17 18
17 22
17 27
17 32
18 19
18 23
18 28
18 33
19 20
19 24
19 29
19 34
20 25
20 30
20 35
21 22
21 25
21 26
21 36
22 23
22 27
22 37
23 24
23 28
23 38
24 25
24 29
24 39
25 30
25 40
26 27
26 30
26 41
27 28
27 42
28 29
28 43
29 30
29 44
30 45
31 32
31 35
31 36
31 41
31 46
32 33
32 37
32 42
32 47
33 34
33 38
33 43
33 48
34 35
34 39
34 44
34 49
35 40
35 45
35 50
36 37
36 40
36 41
36 51
37 38
37 42
37 52
38 39
38 43
38 53
39 40
39 44
39 54
40 45
40 55
41 42
41 45
41 56
42 43
42 57
43 44
43 58
44 45
44 59
45 60
46 47
46 50
46 51
46 56
46 61
47 48
47 52
47 57
47 62
48 49
48 53
48 58
48 63
49 50
49 54
49 59
49 64
50 55
50 60
50 65
51 52
51 55
51 56
51 66
52 53
52 57
52 67
53 54
53 58
53 68
54 55
54 59
54 69
55 60
55 70
56 57
56 60
56 71
57 58
57 72
58 59
58 73
59 60
59 74
60 75
61 62
61 65
61 66
61 71
62 63
62 67
62 72
63 64
63 68
63 73
64 65
64 69
64 74
65 70
65 75
66 67
66 70
66 71
67 68
67 72
68 69
68 73
69 70
69 74
70 75
71 72
71 75
72 73
73 74
74 75
