ToroidalMesh_C3xC3xC10
90 90 270
1 2
1 3
1 4
1 7
1 10
1 82
2 3
2 5
2 8
2 11
2 83
3 6
3 9
3 12
3 84
4 5
4 6
4 7
4 13
4 85
5 6
5 8
5 14
5 86
6 9
6 15
6 87
7 8
7 9
7 16
7 88
8 9
8 17
8 89
9 18
9 90
10 11
10 12
10 13
10 16
10 19
11 12
11 14
11 17
11 20
12 15
12 18
12 21
13 14
13 15
13 16
13 22
14 15
14 17
14 23
15 18
15 24
16 17
16 18
16 25
17 18
17 26
18 27
19 20
19 21
19 22
19 25
19 28
20 21
20 23
20 26
20 29
21 24
21 27
21 30
22 23
22 24
22 25
22 31
23 24
23 26
23 32
24 27
24 33
25 26
25 27
25 34
26 27
26 35
27 36
28 29
28 30
28 31
28 34
28 37
29 30
29 32
29 35
29 38
30 33
30 36
30 39
31 32
31 33
31 34
31 40
32 33
32 35
32 41
33 36
33 42
34 35
34 36
34 43
35 36
35 44
36 45
37 38
37 39
37 40
37 43
37 46
38 39
38 41
38 44
38 47
39 42
39 45
39 48
40 41
40 42
40 43
40 49
41 42
41 44
41 50
42 45
42 51
43 44
43 45
43 52
44 45
44 53
45 54
46 47
46 48
46 49
46 52
46 55
47 48
47 50
47 53
47 56
48 51
48 54
48 57
49 50
49 51
49 52
49 58
50 51
50 53
50 59
51 54
51 60
52 53
52 54
52 61
53 54
53 62
54 63
55 56
55 57
55 58
55 61
55 64
56 57
56 59
56 62
56 65
57 60
57 63
57 66
58 59
58 60
58 61
58 67
59 60
59 62
59 68
60 63
60 69
61 62
61 63
61 70
62 63
62 71
63 72
64 65
64 66
64 67
64 70
64 73
65 66
65 68
65 71
65 74
66 69
66 72
66 75
67 68
67 69
67 70
67 76
68 69
68 71
68 77
69 72
69 78
70 71
70 72
70 79
71 72
71 80
72 81
73 74
73 75
73 76
73 79
73 82
74 75
74 77
74 80
74 83
75 78
75 81
75 84
76 77
76 78
76 79
76 85
77 78
77 80
77 86
78 81
78 87
79 80
79 81
79 88
80 81
80 89
81 90
82 83
82 84
82 85
82 88
83 84
83 86
83 89
84 87
84 90
85 86
85 87
85 88
86 87
86 89
87 90
88 89
88 90
89 90
