ToroidalMesh_C4xC4xC10
160 160 480
1 2
1 4
1 5
1 13
1 17
1 145
2 3
2 6
2 14
2 18
2 146
3 4
3 7
3 15
3 19
3 147
4 8
4 16
4 20
4 148
5 6
5 8
5 9
5 21
5 149
6 7
6 10
6 22
6 150
7 8
7 11
7 23
7 151
8 12
8 24
8 152
9 10
9 12
9 13
9 25
9 153
10 11
10 14
10 26
10 154
11 12
11 15
11 27
11 155
12 16
12 28
12 156
13 14
13 16
13 29
13 157
14 15
14 30
14 158
15 16
15 31
15 159
16 32
16 160
17 18
17 20
17 21
17 29
17 33
18 19
18 22
18 30
18 34
19 20
19 23
19 31
19 35
20 24
20 32
20 36
21 22
21 24
21 25
21 37
22 23
22 26
22 38
23 24
23 27
23 39
24 28
24 40
25 26
25 28
25 29
25 41
26 27
26 30
26 42
27 28
27 31
27 43
28 32
28 44
29 30
29 32
29 45
30 31
30 46
31 32
31 47
32 48
33 34
33 36
33 37
33 45
33 49
34 35
34 38
34 46
34 50
35 36
35 39
35 47
35 51
36 40
36 48
36 52
37 38
37 40
37 41
37 53
38 39
38 42
38 54
39 40
39 43
39 55
40 44
40 56
41 42
41 44
41 45
41 57
42 43
42 46
42 58
43 44
43 47
43 59
44 48
44 60
45 46
45 48
45 61
46 47
46 62
47 48
47 63
48 64
49 50
49 52
49 53
49 61
49 65
50 51
50 54
50 62
50 66
51 52
51 55
51 63
51 67
52 56
52 64
52 68
53 54
53 56
53 57
53 69
54 55
54 58
54 70
55 56
55 59
55 71
56 60
56 72
57 58
57 60
57 61
57 73
58 59
58 62
58 74
59 60
59 63
59 75
60 64
60 76
61 62
61 64
61 77
62 63
62 78
63 64
63 79
64 80
65 66
65 68
65 69
65 77
65 81
66 67
66 70
66 78
66 82
67 68
67 71
67 79
67 83
68 72
68 80
68 84
69 70
69 72
69 73
69 85
70 71
70 74
70 86
71 72
71 75
71 87
72 76
72 88
73 74
73 76
73 77
73 89
74 75
74 78
74 90
75 76
75 79
75 91
76 80
76 92
77 78
77 80
77 93
78 79
78 94
79 80
79 95
80 96
81 82
81 84
81 85
81 93
81 97
82 83
82 86
82 94
82 98
83 84
83 87
83 95
83 99
84 88
84 96
84 100
85 86
85 88
85 89
85 101
86 87
86 90
86 102
87 88
87 91
87 103
88 92
88 104
89 90
89 92
89 93
89 105
90 91
90 94
90 106
91 92
91 95
91 107
92 96
92 108
93 94
93 96
93 109
94 95
94 110
95 96
95 111
96 112
97 98
97 100
97 101
97 109
97 113
98 99
98 102
98 110
98 114
99 100
99 103
99 111
99 115
100 104
100 112
100 116
101 102
101 104
101 105
101 117
102 103
102 106
102 118
103 104
103 107
103 119
104 108
104 120
105 106
105 108
105 109
105 121
106 107
106 110
106 122
107 108
107 111
107 123
108 112
108 124
109 110
109 112
109 125
110 111
110 126
111 112
111 127
112 128
113 114
113 116
113 117
113 125
113 129
114 115
114 118
114 126
114 130
115 116
115 119
115 127
115 131
116 120
116 128
116 132
117 118
117 120
117 121
117 133
118 119
118 122
118 134
119 120
119 123
119 135
120 124
120 136
121 122
121 124
121 125
121 137
122 123
122 126
122 138
123 124
123 127
123 139
124 128
124 140
125 126
125 128
125 141
126 127
126 142
127 128
127 143
128 144
129 130
129 132
129 133
129 141
129 145
130 131
130 134
130 142
130 146
131 132
131 135
131 143
131 147
132 136
132 144
132 148
133 134
133 136
133 137
133 149
134 135
134 138
134 150
135 136
135 139
135 151
136 140
136 152
137 138
137 140
137 141
137 153
138 139
138 142
138 154
139 140
139 143
139 155
140 144
140 156
141 142
141 144
141 157
142 143
142 158
143 144
143 159
144 160
145 146
145 148
145 149
145 157
146 147
146 150
146 158
147 148
147 151
147 159
148 152
148 160
149 150
149 152
149 153
150 151
150 154
151 152
151 155
152 156
153 154
153 156
153 157
154 155
154 158
155 156
155 159
156 160
157 158
157 160
158 159
159 160
