ToroidalMesh_C3xC4xC4
48 48 144
1 2
1 4
1 5
1 9
1 13
1 37
2 3
2 6
2 10
2 14
2 38
3 4
3 7
3 11
3 15
3 39
4 8
4 12
4 16
4 40
5 6
5 8
5 9
5 17
5 41
6 7
6 10
6 18
6 42
7 8
7 11
7 19
7 43
8 12
8 20
8 44
9 10
9 12
9 21
9 45
10 11
10 22
10 46
11 12
11 23
11 47
12 24
12 48
13 14
13 16
13 17
13 21
13 25
14 15
14 18
14 22
14 26
15 16
15 19
15 23
15 27
16 20
16 24
16 28
17 18
17 20
17 21
17 29
18 19
18 22
18 30
19 20
19 23
19 31
20 24
20 32
21 22
21 24
21 33
22 23
22 34
23 24
23 35
24 36
25 26
25 28
25 29
25 33
25 37
26 27
26 30
26 34
26 38
27 28
27 31
27 35
27 39
28 32
28 36
28 40
29 30
29 32
29 33
29 41
30 31
30 34
30 42
31 32
31 35
31 43
32 36
32 44
33 34
33 36
33 45
34 35
34 46
35 36
35 47
36 48
37 38
37 40
37 41
37 45
38 39
38 42
38 46
39 40
39 43
39 47
40 44
40 48
41 42
41 44
41 45
42 43
42 46
43 44
43 47
44 48
45 46
45 48
46 47
47 48
