ToroidalMesh_C3xC4xC5
60 60 180
1 2
1 4
1 5
1 9
1 13
1 49
2 3
2 6
2 10
2 14
2 50
3 4
3 7
3 11
3 15
3 51
4 8
4 12
4 16
4 52
5 6
5 8
5 9
5 17
5 53
6 7
6 10
6 18
6 54
7 8
7 11
7 19
7 55
8 12
8 20
8 56
9 10
9 12
9 21
9 57
10 11
10 22
10 58
11 12
11 23
11 59
12 24
12 60
13 14
13 16
13 17
13 21
13 25
14 15
14 18
14 22
14 26
15 16
15 19
15 23
15 27
16 20
16 24
16 28
17 18
17 20
17 21
17 29
18 19
18 22
18 30
19 20
19 23
19 31
20 24
20 32
21 22
21 24
21 33
22 23
22 34
23 24
23 35
24 36
25 26
25 28
25 29
25 33
25 37
26 27
26 30
26 34
26 38
27 28
27 31
27 35
27 39
28 32
28 36
28 40
29 30
29 32
29 33
29 41
30 31
30 34
30 42
31 32
31 35
31 43
32 36
32 44
33 34
33 36
33 45
34 35
34 46
35 36
35 47
36 48
37 38
37 40
37 41
37 45
37 49
38 39
38 42
38 46
38 50
39 40
39 43
39 47
39 51
40 44
40 48
40 52
41 42
41 44
41 45
41 53
42 43
42 46
42 54
43 44
43 47
43 55
44 48
44 56
45 46
45 48
45 57
46 47
46 58
47 48
47 59
48 60
49 50
49 52
49 53
49 57
50 51
50 54
50 58
51 52
51 55
51 59
52 56
52 60
53 54
53 56
53 57
54 55
54 58
55 56
55 59
56 60
57 58
57 60
58 59
59 60
