Mesh_25x10
250 250 465
1 2
1 11
2 3
2 12
3 4
3 13
4 5
4 14
5 6
5 15
6 7
6 16
7 8
7 17
8 9
8 18
9 10
9 19
10 20
11 12
11 21
12 13
12 22
13 14
13 23
14 15
14 24
15 16
15 25
16 17
16 26
17 18
17 27
18 19
18 28
19 20
19 29
20 30
21 22
21 31
22 23
22 32
23 24
23 33
24 25
24 34
25 26
25 35
26 27
26 36
27 28
27 37
28 29
28 38
29 30
29 39
30 40
31 32
31 41
32 33
32 42
33 34
33 43
34 35
34 44
35 36
35 45
36 37
36 46
37 38
37 47
38 39
38 48
39 40
39 49
40 50
41 42
41 51
42 43
42 52
43 44
43 53
44 45
44 54
45 46
45 55
46 47
46 56
47 48
47 57
48 49
48 58
49 50
49 59
50 60
51 52
51 61
52 53
52 62
53 54
53 63
54 55
54 64
55 56
55 65
56 57
56 66
57 58
57 67
58 59
58 68
59 60
59 69
60 70
61 62
61 71
62 63
62 72
63 64
63 73
64 65
64 74
65 66
65 75
66 67
66 76
67 68
67 77
68 69
68 78
69 70
69 79
70 80
71 72
71 81
72 73
72 82
73 74
73 83
74 75
74 84
75 76
75 85
76 77
76 86
77 78
77 87
78 79
78 88
79 80
79 89
80 90
81 82
81 91
82 83
82 92
83 84
83 93
84 85
84 94
85 86
85 95
86 87
86 96
87 88
87 97
88 89
88 98
89 90
89 99
90 100
91 92
91 101
92 93
92 102
93 94
93 103
94 95
94 104
95 96
95 105
96 97
96 106
97 98
97 107
98 99
98 108
99 100
99 109
100 110
101 102
101 111
102 103
102 112
103 104
103 113
104 105
104 114
105 106
105 115
106 107
106 116
107 108
107 117
108 109
108 118
109 110
109 119
110 120
111 112
111 121
112 113
112 122
113 114
113 123
114 115
114 124
115 116
115 125
116 117
116 126
117 118
117 127
118 119
118 128
119 120
119 129
120 130
121 122
121 131
122 123
122 132
123 124
123 133
124 125
124 134
125 126
125 135
126 127
126 136
127 128
127 137
128 129
128 138
129 130
129 139
130 140
131 132
131 141
132 133
132 142
133 134
133 143
134 135
134 144
135 136
135 145
136 137
136 146
137 138
137 147
138 139
138 148
139 140
139 149
140 150
141 142
141 151
142 143
142 152
143 144
143 153
144 145
144 154
145 146
145 155
146 147
146 156
147 148
147 157
148 149
148 158
149 150
149 159
150 160
151 152
151 161
152 153
152 162
153 154
153 163
154 155
154 164
155 156
155 165
156 157
156 166
157 158
157 167
158 159
158 168
159 160
159 169
160 170
161 162
161 171
162 163
162 172
163 164
163 173
164 165
164 174
165 166
165 175
166 167
166 176
167 168
167 177
168 169
168 178
169 170
169 179
170 180
171 172
171 181
172 173
172 182
173 174
173 183
174 175
174 184
175 176
175 185
176 177
176 186
177 178
177 187
178 179
178 188
179 180
179 189
180 190
181 182
181 191
182 183
182 192
183 184
183 193
184 185
184 194
185 186
185 195
186 187
186 196
187 188
187 197
188 189
188 198
189 190
189 199
190 200
191 192
191 201
192 193
192 202
193 194
193 203
194 195
194 204
195 196
195 205
196 197
196 206
197 198
197 207
198 199
198 208
199 200
199 209
200 210
201 202
201 211
202 203
202 212
203 204
203 213
204 205
204 214
205 206
205 215
206 207
206 216
207 208
207 217
208 209
208 218
209 210
209 219
210 220
211 212
211 221
212 213
212 222
213 214
213 223
214 215
214 224
215 216
215 225
216 217
216 226
217 218
217 227
218 219
218 228
219 220
219 229
220 230
221 222
221 231
222 223
222 232
223 224
223 233
224 225
224 234
225 226
225 235
226 227
226 236
227 228
227 237
228 229
228 238
229 230
229 239
230 240
231 232
231 241
232 233
232 242
233 234
233 243
234 235
234 244
235 236
235 245
236 237
236 246
237 238
237 247
238 239
238 248
239 240
239 249
240 250
241 242
242 243
243 244
244 245
245 246
246 247
247 248
248 249
249 250
