Mesh_50x5
250 250 445
1 2
1 6
2 3
2 7
3 4
3 8
4 5
4 9
5 10
6 7
6 11
7 8
7 12
8 9
8 13
9 10
9 14
10 15
11 12
11 16
12 13
12 17
13 14
13 18
14 15
14 19
15 20
16 17
16 21
17 18
17 22
18 19
18 23
19 20
19 24
20 25
21 22
21 26
22 23
22 27
23 24
23 28
24 25
24 29
25 30
26 27
26 31
27 28
27 32
28 29
28 33
29 30
29 34
30 35
31 32
31 36
32 33
32 37
33 34
33 38
34 35
34 39
35 40
36 37
36 41
37 38
37 42
38 39
38 43
39 40
39 44
40 45
41 42
41 46
42 43
42 47
43 44
43 48
44 45
44 49
45 50
46 47
46 51
47 48
47 52
48 49
48 53
49 50
49 54
50 55
51 52
51 56
52 53
52 57
53 54
53 58
54 55
54 59
55 60
56 57
56 61
57 58
57 62
58 59
58 63
59 60
59 64
60 65
61 62
61 66
62 63
62 67
63 64
63 68
64 65
64 69
65 70
66 67
66 71
67 68
67 72
68 69
68 73
69 70
69 74
70 75
71 72
71 76
72 73
72 77
73 74
73 78
74 75
74 79
75 80
76 77
76 81
77 78
77 82
78 79
78 83
79 80
79 84
80 85
81 82
81 86
82 83
82 87
83 84
83 88
84 85
84 89
85 90
86 87
86 91
87 88
87 92
88 89
88 93
89 90
89 94
90 95
91 92
91 96
92 93
92 97
93 94
93 98
94 95
94 99
95 100
96 97
96 101
97 98
97 102
98 99
98 103
99 100
99 104
100 105
101 102
101 106
102 103
102 107
103 104
103 108
104 105
104 109
105 110
106 107
106 111
107 108
107 112
108 109
108 113
109 110
109 114
110 115
111 112
111 116
112 113
112 117
113 114
113 118
114 115
114 119
115 120
116 117
116 121
117 118
117 122
118 119
118 123
119 120
119 124
120 125
121 122
121 126
122 123
122 127
123 124
123 128
124 125
124 129
125 130
126 127
126 131
127 128
127 132
128 129
128 133
129 130
129 134
130 135
131 132
131 136
132 133
132 137
133 134
133 138
134 135
134 139
135 140
136 137
136 141
137 138
137 142
138 139
138 143
139 140
139 144
140 145
141 142
141 146
142 143
142 147
143 144
143 148
144 145
144 149
145 150
146 147
146 151
147 148
147 152
148 149
148 153
149 150
149 154
150 155
151 152
151 156
152 153
152 157
153 154
153 158
154 155
154 159
155 160
156 157
156 161
157 158
157 162
158 159
158 163
159 160
159 164
160 165
161 162
161 166
162 163
162 167
163 164
163 168
164 165
164 169
165 170
166 167
166 171
167 168
167 172
168 169
168 173
169 170
169 174
170 175
171 172
171 176
172 173
172 177
173 174
173 178
174 175
174 179
175 180
176 177
176 181
177 178
177 182
178 179
178 183
179 180
179 184
180 185
181 182
181 186
182 183
182 187
183 184
183 188
184 185
184 189
185 190
186 187
186 191
187 188
187 192
188 189
188 193
189 190
189 194
190 195
191 192
191 196
192 193
192 197
193 194
193 198
194 195
194 199
195 200
196 197
196 201
197 198
197 202
198 199
198 203
199 200
199 204
200 205
201 202
201 206
202 203
202 207
203 204
203 208
204 205
204 209
205 210
206 207
206 211
207 208
207 212
208 209
208 213
209 210
209 214
210 215
211 212
211 216
212 213
212 217
213 214
213 218
214 215
214 219
215 220
216 217
216 221
217 218
217 222
218 219
218 223
219 220
219 224
220 225
221 222
221 226
222 223
222 227
223 224
223 228
224 225
224 229
225 230
226 227
226 231
227 228
227 232
228 229
228 233
229 230
229 234
230 235
231 232
231 236
232 233
232 237
233 234
233 238
234 235
234 239
235 240
236 237
236 241
237 238
237 242
238 239
238 243
239 240
239 244
240 245
241 242
241 246
242 243
242 247
243 244
243 248
244 245
244 249
245 250
246 247
247 248
248 249
249 250
