CylindricalMesh_C40_P10
400 400 760
1 2
1 40
1 41
2 3
2 42
3 4
3 43
4 5
4 44
5 6
5 45
6 7
6 46
7 8
7 47
8 9
8 48
9 10
9 49
10 11
10 50
11 12
11 51
12 13
12 52
13 14
13 53
14 15
14 54
15 16
15 55
16 17
16 56
17 18
17 57
18 19
18 58
19 20
19 59
20 21
20 60
21 22
21 61
22 23
22 62
23 24
23 63
24 25
24 64
25 26
25 65
26 27
26 66
27 28
27 67
28 29
28 68
29 30
29 69
30 31
30 70
31 32
31 71
32 33
32 72
33 34
33 73
34 35
34 74
35 36
35 75
36 37
36 76
37 38
37 77
38 39
38 78
39 40
39 79
40 80
41 42
41 80
41 81
42 43
42 82
43 44
43 83
44 45
44 84
45 46
45 85
46 47
46 86
47 48
47 87
48 49
48 88
49 50
49 89
50 51
50 90
51 52
51 91
52 53
52 92
53 54
53 93
54 55
54 94
55 56
55 95
56 57
56 96
57 58
57 97
58 59
58 98
59 60
59 99
60 61
60 100
61 62
61 101
62 63
62 102
63 64
63 103
64 65
64 104
65 66
65 105
66 67
66 106
67 68
67 107
68 69
68 108
69 70
69 109
70 71
70 110
71 72
71 111
72 73
72 112
73 74
73 113
74 75
74 114
75 76
75 115
76 77
76 116
77 78
77 117
78 79
78 118
79 80
79 119
80 120
81 82
81 120
81 121
82 83
82 122
83 84
83 123
84 85
84 124
85 86
85 125
86 87
86 126
87 88
87 127
88 89
88 128
89 90
89 129
90 91
90 130
91 92
91 131
92 93
92 132
93 94
93 133
94 95
94 134
95 96
95 135
96 97
96 136
97 98
97 137
98 99
98 138
99 100
99 139
100 101
100 140
101 102
101 141
102 103
102 142
103 104
103 143
104 105
104 144
105 106
105 145
106 107
106 146
107 108
107 147
108 109
108 148
109 110
109 149
110 111
110 150
111 112
111 151
112 113
112 152
113 114
113 153
114 115
114 154
115 116
115 155
116 117
116 156
117 118
117 157
118 119
118 158
119 120
119 159
120 160
121 122
121 160
121 161
122 123
122 162
123 124
123 163
124 125
124 164
125 126
125 165
126 127
126 166
127 128
127 167
128 129
128 168
129 130
129 169
130 131
130 170
131 132
131 171
132 133
132 172
133 134
133 173
134 135
134 174
135 136
135 175
136 137
136 176
137 138
137 177
138 139
138 178
139 140
139 179
140 141
140 180
141 142
141 181
142 143
142 182
143 144
143 183
144 145
144 184
145 146
145 185
146 147
146 186
147 148
147 187
148 149
148 188
149 150
149 189
150 151
150 190
151 152
151 191
152 153
152 192
153 154
153 193
154 155
154 194
155 156
155 195
156 157
156 196
157 158
157 197
158 159
158 198
159 160
159 199
160 200
161 162
161 200
161 201
162 163
162 202
163 164
163 203
164 165
164 204
165 166
165 205
166 167
166 206
167 168
167 207
168 169
168 208
169 170
169 209
170 171
170 210
171 172
171 211
172 173
172 212
173 174
173 213
174 175
174 214
175 176
175 215
176 177
176 216
177 178
177 217
178 179
178 218
179 180
179 219
180 181
180 220
181 182
181 221
182 183
182 222
183 184
183 223
184 185
184 224
185 186
185 225
186 187
186 226
187 188
187 227
188 189
188 228
189 190
189 229
190 191
190 230
191 192
191 231
192 193
192 232
193 194
193 233
194 195
194 234
195 196
195 235
196 197
196 236
197 198
197 237
198 199
198 238
199 200
199 239
200 240
201 202
201 240
201 241
202 203
202 242
203 204
203 243
204 205
204 244
205 206
205 245
206 207
206 246
207 208
207 247
208 209
208 248
209 210
209 249
210 211
210 250
211 212
211 251
212 213
212 252
213 214
213 253
214 215
214 254
215 216
215 255
216 217
216 256
217 218
217 257
218 219
218 258
219 220
219 259
220 221
220 260
221 222
221 261
222 223
222 262
223 224
223 263
224 225
224 264
225 226
225 265
226 227
226 266
227 228
227 267
228 229
228 268
229 230
229 269
230 231
230 270
231 232
231 271
232 233
232 272
233 234
233 273
234 235
234 274
235 236
235 275
236 237
236 276
237 238
237 277
238 239
238 278
239 240
239 279
240 280
241 242
241 280
241 281
242 243
242 282
243 244
243 283
244 245
244 284
245 246
245 285
246 247
246 286
247 248
247 287
248 249
248 288
249 250
249 289
250 251
250 290
251 252
251 291
252 253
252 292
253 254
253 293
254 255
254 294
255 256
255 295
256 257
256 296
257 258
257 297
258 259
258 298
259 260
259 299
260 261
260 300
261 262
261 301
262 263
262 302
263 264
263 303
264 265
264 304
265 266
265 305
266 267
266 306
267 268
267 307
268 269
268 308
269 270
269 309
270 271
270 310
271 272
271 311
272 273
272 312
273 274
273 313
274 275
274 314
275 276
275 315
276 277
276 316
277 278
277 317
278 279
278 318
279 280
279 319
280 320
281 282
281 320
281 321
282 283
282 322
283 284
283 323
284 285
284 324
285 286
285 325
286 287
286 326
287 288
287 327
288 289
288 328
289 290
289 329
290 291
290 330
291 292
291 331
292 293
292 332
293 294
293 333
294 295
294 334
295 296
295 335
296 297
296 336
297 298
297 337
298 299
298 338
299 300
299 339
300 301
300 340
301 302
301 341
302 303
302 342
303 304
303 343
304 305
304 344
305 306
305 345
306 307
306 346
307 308
307 347
308 309
308 348
309 310
309 349
310 311
310 350
311 312
311 351
312 313
312 352
313 314
313 353
314 315
314 354
315 316
315 355
316 317
316 356
317 318
317 357
318 319
318 358
319 320
319 359
320 360
321 322
321 360
321 361
322 323
322 362
323 324
323 363
324 325
324 364
325 326
325 365
326 327
326 366
327 328
327 367
328 329
328 368
329 330
329 369
330 331
330 370
331 332
331 371
332 333
332 372
333 334
333 373
334 335
334 374
335 336
335 375
336 337
336 376
337 338
337 377
338 339
338 378
339 340
339 379
340 341
340 380
341 342
341 381
342 343
342 382
343 344
343 383
344 345
344 384
345 346
345 385
346 347
346 386
347 348
347 387
348 349
348 388
349 350
349 389
350 351
350 390
351 352
351 391
352 353
352 392
353 354
353 393
354 355
354 394
355 356
355 395
356 357
356 396
357 358
357 397
358 359
358 398
359 360
359 399
360 400
361 362
361 400
362 363
363 364
364 365
365 366
366 367
367 368
368 369
369 370
370 371
371 372
372 373
373 374
374 375
375 376
376 377
377 378
378 379
379 380
380 381
381 382
382 383
383 384
384 385
385 386
386 387
387 388
388 389
389 390
390 391
391 392
392 393
393 394
394 395
395 396
396 397
397 398
398 399
399 400
