CylindricalMesh_C50_P3
150 150 250
1 2
1 50
1 51
2 3
2 52
3 4
3 53
4 5
4 54
5 6
5 55
6 7
6 56
7 8
7 57
8 9
8 58
9 10
9 59
10 11
10 60
11 12
11 61
12 13
12 62
13 14
13 63
14 15
14 64
15 16
15 65
16 17
16 66
17 18
17 67
18 19
18 68
19 20
19 69
20 21
20 70
21 22
21 71
22 23
22 72
23 24
23 73
24 25
24 74
25 26
25 75
26 27
26 76
27 28
27 77
28 29
28 78
29 30
29 79
30 31
30 80
31 32
31 81
32 33
32 82
33 34
33 83
34 35
34 84
35 36
35 85
36 37
36 86
37 38
37 87
38 39
38 88
39 40
39 89
40 41
40 90
41 42
41 91
42 43
42 92
43 44
43 93
44 45
44 94
45 46
45 95
46 47
46 96
47 48
47 97
48 49
48 98
49 50
49 99
50 100
51 52
51 100
51 101
52 53
52 102
53 54
53 103
54 55
54 104
55 56
55 105
56 57
56 106
57 58
57 107
58 59
58 108
59 60
59 109
60 61
60 110
61 62
61 111
62 63
62 112
63 64
63 113
64 65
64 114
65 66
65 115
66 67
66 116
67 68
67 117
68 69
68 118
69 70
69 119
70 71
70 120
71 72
71 121
72 73
72 122
73 74
73 123
74 75
74 124
75 76
75 125
76 77
76 126
77 78
77 127
78 79
78 128
79 80
79 129
80 81
80 130
81 82
81 131
82 83
82 132
83 84
83 133
84 85
84 134
85 86
85 135
86 87
86 136
87 88
87 137
88 89
88 138
89 90
89 139
90 91
90 140
91 92
91 141
92 93
92 142
93 94
93 143
94 95
94 144
95 96
95 145
96 97
96 146
97 98
97 147
98 99
98 148
99 100
99 149
100 150
101 102
101 150
102 103
103 104
104 105
105 106
106 107
107 108
108 109
109 110
110 111
111 112
112 113
113 114
114 115
115 116
116 117
117 118
118 119
119 120
120 121
121 122
122 123
123 124
124 125
125 126
126 127
127 128
128 129
129 130
130 131
131 132
132 133
133 134
134 135
135 136
136 137
137 138
138 139
139 140
140 141
141 142
142 143
143 144
144 145
145 146
146 147
147 148
148 149
149 150
