CylindricalMesh_C40_P3
120 120 200
1 2
1 40
1 41
2 3
2 42
3 4
3 43
4 5
4 44
5 6
5 45
6 7
6 46
7 8
7 47
8 9
8 48
9 10
9 49
10 11
10 50
11 12
11 51
12 13
12 52
13 14
13 53
14 15
14 54
15 16
15 55
16 17
16 56
17 18
17 57
18 19
18 58
19 20
19 59
20 21
20 60
21 22
21 61
22 23
22 62
23 24
23 63
24 25
24 64
25 26
25 65
26 27
26 66
27 28
27 67
28 29
28 68
29 30
29 69
30 31
30 70
31 32
31 71
32 33
32 72
33 34
33 73
34 35
34 74
35 36
35 75
36 37
36 76
37 38
37 77
38 39
38 78
39 40
39 79
40 80
41 42
41 80
41 81
42 43
42 82
43 44
43 83
44 45
44 84
45 46
45 85
46 47
46 86
47 48
47 87
48 49
48 88
49 50
49 89
50 51
50 90
51 52
51 91
52 53
52 92
53 54
53 93
54 55
54 94
55 56
55 95
56 57
56 96
57 58
57 97
58 59
58 98
59 60
59 99
60 61
60 100
61 62
61 101
62 63
62 102
63 64
63 103
64 65
64 104
65 66
65 105
66 67
66 106
67 68
67 107
68 69
68 108
69 70
69 109
70 71
70 110
71 72
71 111
72 73
72 112
73 74
73 113
74 75
74 114
75 76
75 115
76 77
76 116
77 78
77 117
78 79
78 118
79 80
79 119
80 120
81 82
81 120
82 83
83 84
84 85
85 86
86 87
87 88
88 89
89 90
90 91
91 92
92 93
93 94
94 95
95 96
96 97
97 98
98 99
99 100
100 101
101 102
102 103
103 104
104 105
105 106
106 107
107 108
108 109
109 110
110 111
111 112
112 113
113 114
114 115
115 116
116 117
117 118
118 119
119 120
