CylindricalMesh_C40_P5
200 200 360
1 2
1 40
1 41
2 3
2 42
3 4
3 43
4 5
4 44
5 6
5 45
6 7
6 46
7 8
7 47
8 9
8 48
9 10
9 49
10 11
10 50
11 12
11 51
12 13
12 52
13 14
13 53
14 15
14 54
15 16
15 55
16 17
16 56
17 18
17 57
18 19
18 58
19 20
19 59
20 21
20 60
21 22
21 61
22 23
22 62
23 24
23 63
24 25
24 64
25 26
25 65
26 27
26 66
27 28
27 67
28 29
28 68
29 30
29 69
30 31
30 70
31 32
31 71
32 33
32 72
33 34
33 73
34 35
34 74
35 36
35 75
36 37
36 76
37 38
37 77
38 39
38 78
39 40
39 79
40 80
41 42
41 80
41 81
42 43
42 82
43 44
43 83
44 45
44 84
45 46
45 85
46 47
46 86
47 48
47 87
48 49
48 88
49 50
49 89
50 51
50 90
51 52
51 91
52 53
52 92
53 54
53 93
54 55
54 94
55 56
55 95
56 57
56 96
57 58
57 97
58 59
58 98
59 60
59 99
60 61
60 100
61 62
61 101
62 63
62 102
63 64
63 103
64 65
64 104
65 66
65 105
66 67
66 106
67 68
67 107
68 69
68 108
69 70
69 109
70 71
70 110
71 72
71 111
72 73
72 112
73 74
73 113
74 75
74 114
75 76
75 115
76 77
76 116
77 78
77 117
78 79
78 118
79 80
79 119
80 120
81 82
81 120
81 121
82 83
82 122
83 84
83 123
84 85
84 124
85 86
85 125
86 87
86 126
87 88
87 127
88 89
88 128
89 90
89 129
90 91
90 130
91 92
91 131
92 93
92 132
93 94
93 133
94 95
94 134
95 96
95 135
96 97
96 136
97 98
97 137
98 99
98 138
99 100
99 139
100 101
100 140
101 102
101 141
102 103
102 142
103 104
103 143
104 105
104 144
105 106
105 145
106 107
106 146
107 108
107 147
108 109
108 148
109 110
109 149
110 111
110 150
111 112
111 151
112 113
112 152
113 114
113 153
114 115
114 154
115 116
115 155
116 117
116 156
117 118
117 157
118 119
118 158
119 120
119 159
120 160
121 122
121 160
121 161
122 123
122 162
123 124
123 163
124 125
124 164
125 126
125 165
126 127
126 166
127 128
127 167
128 129
128 168
129 130
129 169
130 131
130 170
131 132
131 171
132 133
132 172
133 134
133 173
134 135
134 174
135 136
135 175
136 137
136 176
137 138
137 177
138 139
138 178
139 140
139 179
140 141
140 180
141 142
141 181
142 143
142 182
143 144
143 183
144 145
144 184
145 146
145 185
146 147
146 186
147 148
147 187
148 149
148 188
149 150
149 189
150 151
150 190
151 152
151 191
152 153
152 192
153 154
153 193
154 155
154 194
155 156
155 195
156 157
156 196
157 158
157 197
158 159
158 198
159 160
159 199
160 200
161 162
161 200
162 163
163 164
164 165
165 166
166 167
167 168
168 169
169 170
170 171
171 172
172 173
173 174
174 175
175 176
176 177
177 178
178 179
179 180
180 181
181 182
182 183
183 184
184 185
185 186
186 187
187 188
188 189
189 190
190 191
191 192
192 193
193 194
194 195
195 196
196 197
197 198
198 199
199 200
