ToroidalMesh_C4xC5xC10
200 200 600
1 2
1 5
1 6
1 16
1 21
1 181
2 3
2 7
2 17
2 22
2 182
3 4
3 8
3 18
3 23
3 183
4 5
4 9
4 19
4 24
4 184
5 10
5 20
5 25
5 185
6 7
6 10
6 11
6 26
6 186
7 8
7 12
7 27
7 187
8 9
8 13
8 28
8 188
9 10
9 14
9 29
9 189
10 15
10 30
10 190
11 12
11 15
11 16
11 31
11 191
12 13
12 17
12 32
12 192
13 14
13 18
13 33
13 193
14 15
14 19
14 34
14 194
15 20
15 35
15 195
16 17
16 20
16 36
16 196
17 18
17 37
17 197
18 19
18 38
18 198
19 20
19 39
19 199
20 40
20 200
21 22
21 25
21 26
21 36
21 41
22 23
22 27
22 37
22 42
23 24
23 28
23 38
23 43
24 25
24 29
24 39
24 44
25 30
25 40
25 45
26 27
26 30
26 31
26 46
27 28
27 32
27 47
28 29
28 33
28 48
29 30
29 34
29 49
30 35
30 50
31 32
31 35
31 36
31 51
32 33
32 37
32 52
33 34
33 38
33 53
34 35
34 39
34 54
35 40
35 55
36 37
36 40
36 56
37 38
37 57
38 39
38 58
39 40
39 59
40 60
41 42
41 45
41 46
41 56
41 61
42 43
42 47
42 57
42 62
43 44
43 48
43 58
43 63
44 45
44 49
44 59
44 64
45 50
45 60
45 65
46 47
46 50
46 51
46 66
47 48
47 52
47 67
48 49
48 53
48 68
49 50
49 54
49 69
50 55
50 70
51 52
51 55
51 56
51 71
52 53
52 57
52 72
53 54
53 58
53 73
54 55
54 59
54 74
55 60
55 75
56 57
56 60
56 76
57 58
57 77
58 59
58 78
59 60
59 79
60 80
61 62
61 65
61 66
61 76
61 81
62 63
62 67
62 77
62 82
63 64
63 68
63 78
63 83
64 65
64 69
64 79
64 84
65 70
65 80
65 85
66 67
66 70
66 71
66 86
67 68
67 72
67 87
68 69
68 73
68 88
69 70
69 74
69 89
70 75
70 90
71 72
71 75
71 76
71 91
72 73
72 77
72 92
73 74
73 78
73 93
74 75
74 79
74 94
75 80
75 95
76 77
76 80
76 96
77 78
77 97
78 79
78 98
79 80
79 99
80 100
81 82
81 85
81 86
81 96
81 101
82 83
82 87
82 97
82 102
83 84
83 88
83 98
83 103
84 85
84 89
84 99
84 104
85 90
85 100
85 105
86 87
86 90
86 91
86 106
87 88
87 92
87 107
88 89
88 93
88 108
89 90
89 94
89 109
90 95
90 110
91 92
91 95
91 96
91 111
92 93
92 97
92 112
93 94
93 98
93 113
94 95
94 99
94 114
95 100
95 115
96 97
96 100
96 116
97 98
97 117
98 99
98 118
99 100
99 119
100 120
101 102
101 105
101 106
101 116
101 121
102 103
102 107
102 117
102 122
103 104
103 108
103 118
103 123
104 105
104 109
104 119
104 124
105 110
105 120
105 125
106 107
106 110
106 111
106 126
107 108
107 112
107 127
108 109
108 113
108 128
109 110
109 114
109 129
110 115
110 130
111 112
111 115
111 116
111 131
112 113
112 117
112 132
113 114
113 118
113 133
114 115
114 119
114 134
115 120
115 135
116 117
116 120
116 136
117 118
117 137
118 119
118 138
119 120
119 139
120 140
121 122
121 125
121 126
121 136
121 141
122 123
122 127
122 137
122 142
123 124
123 128
123 138
123 143
124 125
124 129
124 139
124 144
125 130
125 140
125 145
126 127
126 130
126 131
126 146
127 128
127 132
127 147
128 129
128 133
128 148
129 130
129 134
129 149
130 135
130 150
131 132
131 135
131 136
131 151
132 133
132 137
132 152
133 134
133 138
133 153
134 135
134 139
134 154
135 140
135 155
136 137
136 140
136 156
137 138
137 157
138 139
138 158
139 140
139 159
140 160
141 142
141 145
141 146
141 156
141 161
142 143
142 147
142 157
142 162
143 144
143 148
143 158
143 163
144 145
144 149
144 159
144 164
145 150
145 160
145 165
146 147
146 150
146 151
146 166
147 148
147 152
147 167
148 149
148 153
148 168
149 150
149 154
149 169
150 155
150 170
151 152
151 155
151 156
151 171
152 153
152 157
152 172
153 154
153 158
153 173
154 155
154 159
154 174
155 160
155 175
156 157
156 160
156 176
157 158
157 177
158 159
158 178
159 160
159 179
160 180
161 162
161 165
161 166
161 176
161 181
162 163
162 167
162 177
162 182
163 164
163 168
163 178
163 183
164 165
164 169
164 179
164 184
165 170
165 180
165 185
166 167
166 170
166 171
166 186
167 168
167 172
167 187
168 169
168 173
168 188
169 170
169 174
169 189
170 175
170 190
171 172
171 175
171 176
171 191
172 173
172 177
172 192
173 174
173 178
173 193
174 175
174 179
174 194
175 180
175 195
176 177
176 180
176 196
177 178
177 197
178 179
178 198
179 180
179 199
180 200
181 182
181 185
181 186
181 196
182 183
182 187
182 197
183 184
183 188
183 198
184 185
184 189
184 199
185 190
185 200
186 187
186 190
186 191
187 188
187 192
188 189
188 193
189 190
189 194
190 195
191 192
191 195
191 196
192 193
192 197
193 194
193 198
194 195
194 199
195 200
196 197
196 200
197 198
198 199
199 200
