ToroidalMesh_C3xC3xC5
45 45 135
1 2
1 3
1 4
1 7
1 10
1 37
2 3
2 5
2 8
2 11
2 38
3 6
3 9
3 12
3 39
4 5
4 6
4 7
4 13
4 40
5 6
5 8
5 14
5 41
6 9
6 15
6 42
7 8
7 9
7 16
7 43
8 9
8 17
8 44
9 18
9 45
10 11
10 12
10 13
10 16
10 19
11 12
11 14
11 17
11 20
12 15
12 18
12 21
13 14
13 15
13 16
13 22
14 15
14 17
14 23
15 18
15 24
16 17
16 18
16 25
17 18
17 26
18 27
19 20
19 21
19 22
19 25
19 28
20 21
20 23
20 26
20 29
21 24
21 27
21 30
22 23
22 24
22 25
22 31
23 24
23 26
23 32
24 27
24 33
25 26
25 27
25 34
26 27
26 35
27 36
28 29
28 30
28 31
28 34
28 37
29 30
29 32
29 35
29 38
30 33
30 36
30 39
31 32
31 33
31 34
31 40
32 33
32 35
32 41
33 36
33 42
34 35
34 36
34 43
35 36
35 44
36 45
37 38
37 39
37 40
37 43
38 39
38 41
38 44
39 42
39 45
40 41
40 42
40 43
41 42
41 44
42 45
43 44
43 45
44 45
