ToroidalMesh_C5xC5xC5
125 125 375
1 2
1 5
1 6
1 21
1 26
1 101
2 3
2 7
2 22
2 27
2 102
3 4
3 8
3 23
3 28
3 103
4 5
4 9
4 24
4 29
4 104
5 10
5 25
5 30
5 105
6 7
6 10
6 11
6 31
6 106
7 8
7 12
7 32
7 107
8 9
8 13
8 33
8 108
9 10
9 14
9 34
9 109
10 15
10 35
10 110
11 12
11 15
11 16
11 36
11 111
12 13
12 17
12 37
12 112
13 14
13 18
13 38
13 113
14 15
14 19
14 39
14 114
15 20
15 40
15 115
16 17
16 20
16 21
16 41
16 116
17 18
17 22
17 42
17 117
18 19
18 23
18 43
18 118
19 20
19 24
19 44
19 119
20 25
20 45
20 120
21 22
21 25
21 46
21 121
22 23
22 47
22 122
23 24
23 48
23 123
24 25
24 49
24 124
25 50
25 125
26 27
26 30
26 31
26 46
26 51
27 28
27 32
27 47
27 52
28 29
28 33
28 48
28 53
29 30
29 34
29 49
29 54
30 35
30 50
30 55
31 32
31 35
31 36
31 56
32 33
32 37
32 57
33 34
33 38
33 58
34 35
34 39
34 59
35 40
35 60
36 37
36 40
36 41
36 61
37 38
37 42
37 62
38 39
38 43
38 63
39 40
39 44
39 64
40 45
40 65
41 42
41 45
41 46
41 66
42 43
42 47
42 67
43 44
43 48
43 68
44 45
44 49
44 69
45 50
45 70
46 47
46 50
46 71
47 48
47 72
48 49
48 73
49 50
49 74
50 75
51 52
51 55
51 56
51 71
51 76
52 53
52 57
52 72
52 77
53 54
53 58
53 73
53 78
54 55
54 59
54 74
54 79
55 60
55 75
55 80
56 57
56 60
56 61
56 81
57 58
57 62
57 82
58 59
58 63
58 83
59 60
59 64
59 84
60 65
60 85
61 62
61 65
61 66
61 86
62 63
62 67
62 87
63 64
63 68
63 88
64 65
64 69
64 89
65 70
65 90
66 67
66 70
66 71
66 91
67 68
67 72
67 92
68 69
68 73
68 93
69 70
69 74
69 94
70 75
70 95
71 72
71 75
71 96
72 73
72 97
73 74
73 98
74 75
74 99
75 100
76 77
76 80
76 81
76 96
76 101
77 78
77 82
77 97
77 102
78 79
78 83
78 98
78 103
79 80
79 84
79 99
79 104
80 85
80 100
80 105
81 82
81 85
81 86
81 106
82 83
82 87
82 107
83 84
83 88
83 108
84 85
84 89
84 109
85 90
85 110
86 87
86 90
86 91
86 111
87 88
87 92
87 112
88 89
88 93
88 113
89 90
89 94
89 114
90 95
90 115
91 92
91 95
91 96
91 116
92 93
92 97
92 117
93 94
93 98
93 118
94 95
94 99
94 119
95 100
95 120
96 97
96 100
96 121
97 98
97 122
98 99
98 123
99 100
99 124
100 125
101 102
101 105
101 106
101 121
102 103
102 107
102 122
103 104
103 108
103 123
104 105
104 109
104 124
105 110
105 125
106 107
106 110
106 111
107 108
107 112
108 109
108 113
109 110
109 114
110 115
111 112
111 115
111 116
112 113
112 117
113 114
113 118
114 115
114 119
115 120
116 117
116 120
116 121
117 118
117 122
118 119
118 123
119 120
119 124
120 125
121 122
121 125
122 123
123 124
124 125
