ToroidalMesh_C3xC10xC10
300 300 900
1 2
1 10
1 11
1 21
1 31
1 271
2 3
2 12
2 22
2 32
2 272
3 4
3 13
3 23
3 33
3 273
4 5
4 14
4 24
4 34
4 274
5 6
5 15
5 25
5 35
5 275
6 7
6 16
6 26
6 36
6 276
7 8
7 17
7 27
7 37
7 277
8 9
8 18
8 28
8 38
8 278
9 10
9 19
9 29
9 39
9 279
10 20
10 30
10 40
10 280
11 12
11 20
11 21
11 41
11 281
12 13
12 22
12 42
12 282
13 14
13 23
13 43
13 283
14 15
14 24
14 44
14 284
15 16
15 25
15 45
15 285
16 17
16 26
16 46
16 286
17 18
17 27
17 47
17 287
18 19
18 28
18 48
18 288
19 20
19 29
19 49
19 289
20 30
20 50
20 290
21 22
21 30
21 51
21 291
22 23
22 52
22 292
23 24
23 53
23 293
24 25
24 54
24 294
25 26
25 55
25 295
26 27
26 56
26 296
27 28
27 57
27 297
28 29
28 58
28 298
29 30
29 59
29 299
30 60
30 300
31 32
31 40
31 41
31 51
31 61
32 33
32 42
32 52
32 62
33 34
33 43
33 53
33 63
34 35
34 44
34 54
34 64
35 36
35 45
35 55
35 65
36 37
36 46
36 56
36 66
37 38
37 47
37 57
37 67
38 39
38 48
38 58
38 68
39 40
39 49
39 59
39 69
40 50
40 60
40 70
41 42
41 50
41 51
41 71
42 43
42 52
42 72
43 44
43 53
43 73
44 45
44 54
44 74
45 46
45 55
45 75
46 47
46 56
46 76
47 48
47 57
47 77
48 49
48 58
48 78
49 50
49 59
49 79
50 60
50 80
51 52
51 60
51 81
52 53
52 82
53 54
53 83
54 55
54 84
55 56
55 85
56 57
56 86
57 58
57 87
58 59
58 88
59 60
59 89
60 90
61 62
61 70
61 71
61 81
61 91
62 63
62 72
62 82
62 92
63 64
63 73
63 83
63 93
64 65
64 74
64 84
64 94
65 66
65 75
65 85
65 95
66 67
66 76
66 86
66 96
67 68
67 77
67 87
67 97
68 69
68 78
68 88
68 98
69 70
69 79
69 89
69 99
70 80
70 90
70 100
71 72
71 80
71 81
71 101
72 73
72 82
72 102
73 74
73 83
73 103
74 75
74 84
74 104
75 76
75 85
75 105
76 77
76 86
76 106
77 78
77 87
77 107
78 79
78 88
78 108
79 80
79 89
79 109
80 90
80 110
81 82
81 90
81 111
82 83
82 112
83 84
83 113
84 85
84 114
85 86
85 115
86 87
86 116
87 88
87 117
88 89
88 118
89 90
89 119
90 120
91 92
91 100
91 101
91 111
91 121
92 93
92 102
92 112
92 122
93 94
93 103
93 113
93 123
94 95
94 104
94 114
94 124
95 96
95 105
95 115
95 125
96 97
96 106
96 116
96 126
97 98
97 107
97 117
97 127
98 99
98 108
98 118
98 128
99 100
99 109
99 119
99 129
100 110
100 120
100 130
101 102
101 110
101 111
101 131
102 103
102 112
102 132
103 104
103 113
103 133
104 105
104 114
104 134
105 106
105 115
105 135
106 107
106 116
106 136
107 108
107 117
107 137
108 109
108 118
108 138
109 110
109 119
109 139
110 120
110 140
111 112
111 120
111 141
112 113
112 142
113 114
113 143
114 115
114 144
115 116
115 145
116 117
116 146
117 118
117 147
118 119
118 148
119 120
119 149
120 150
121 122
121 130
121 131
121 141
121 151
122 123
122 132
122 142
122 152
123 124
123 133
123 143
123 153
124 125
124 134
124 144
124 154
125 126
125 135
125 145
125 155
126 127
126 136
126 146
126 156
127 128
127 137
127 147
127 157
128 129
128 138
128 148
128 158
129 130
129 139
129 149
129 159
130 140
130 150
130 160
131 132
131 140
131 141
131 161
132 133
132 142
132 162
133 134
133 143
133 163
134 135
134 144
134 164
135 136
135 145
135 165
136 137
136 146
136 166
137 138
137 147
137 167
138 139
138 148
138 168
139 140
139 149
139 169
140 150
140 170
141 142
141 150
141 171
142 143
142 172
143 144
143 173
144 145
144 174
145 146
145 175
146 147
146 176
147 148
147 177
148 149
148 178
149 150
149 179
150 180
151 152
151 160
151 161
151 171
151 181
152 153
152 162
152 172
152 182
153 154
153 163
153 173
153 183
154 155
154 164
154 174
154 184
155 156
155 165
155 175
155 185
156 157
156 166
156 176
156 186
157 158
157 167
157 177
157 187
158 159
158 168
158 178
158 188
159 160
159 169
159 179
159 189
160 170
160 180
160 190
161 162
161 170
161 171
161 191
162 163
162 172
162 192
163 164
163 173
163 193
164 165
164 174
164 194
165 166
165 175
165 195
166 167
166 176
166 196
167 168
167 177
167 197
168 169
168 178
168 198
169 170
169 179
169 199
170 180
170 200
171 172
171 180
171 201
172 173
172 202
173 174
173 203
174 175
174 204
175 176
175 205
176 177
176 206
177 178
177 207
178 179
178 208
179 180
179 209
180 210
181 182
181 190
181 191
181 201
181 211
182 183
182 192
182 202
182 212
183 184
183 193
183 203
183 213
184 185
184 194
184 204
184 214
185 186
185 195
185 205
185 215
186 187
186 196
186 206
186 216
187 188
187 197
187 207
187 217
188 189
188 198
188 208
188 218
189 190
189 199
189 209
189 219
190 200
190 210
190 220
191 192
191 200
191 201
191 221
192 193
192 202
192 222
193 194
193 203
193 223
194 195
194 204
194 224
195 196
195 205
195 225
196 197
196 206
196 226
197 198
197 207
197 227
198 199
198 208
198 228
199 200
199 209
199 229
200 210
200 230
201 202
201 210
201 231
202 203
202 232
203 204
203 233
204 205
204 234
205 206
205 235
206 207
206 236
207 208
207 237
208 209
208 238
209 210
209 239
210 240
211 212
211 220
211 221
211 231
211 241
212 213
212 222
212 232
212 242
213 214
213 223
213 233
213 243
214 215
214 224
214 234
214 244
215 216
215 225
215 235
215 245
216 217
216 226
216 236
216 246
217 218
217 227
217 237
217 247
218 219
218 228
218 238
218 248
219 220
219 229
219 239
219 249
220 230
220 240
220 250
221 222
221 230
221 231
221 251
222 223
222 232
222 252
223 224
223 233
223 253
224 225
224 234
224 254
225 226
225 235
225 255
226 227
226 236
226 256
227 228
227 237
227 257
228 229
228 238
228 258
229 230
229 239
229 259
230 240
230 260
231 232
231 240
231 261
232 233
232 262
233 234
233 263
234 235
234 264
235 236
235 265
236 237
236 266
237 238
237 267
238 239
238 268
239 240
239 269
240 270
241 242
241 250
241 251
241 261
241 271
242 243
242 252
242 262
242 272
243 244
243 253
243 263
243 273
244 245
244 254
244 264
244 274
245 246
245 255
245 265
245 275
246 247
246 256
246 266
246 276
247 248
247 257
247 267
247 277
248 249
248 258
248 268
248 278
249 250
249 259
249 269
249 279
250 260
250 270
250 280
251 252
251 260
251 261
251 281
252 253
252 262
252 282
253 254
253 263
253 283
254 255
254 264
254 284
255 256
255 265
255 285
256 257
256 266
256 286
257 258
257 267
257 287
258 259
258 268
258 288
259 260
259 269
259 289
260 270
260 290
261 262
261 270
261 291
262 263
262 292
263 264
263 293
264 265
264 294
265 266
265 295
266 267
266 296
267 268
267 297
268 269
268 298
269 270
269 299
270 300
271 272
271 280
271 281
271 291
272 273
272 282
272 292
273 274
273 283
273 293
274 275
274 284
274 294
275 276
275 285
275 295
276 277
276 286
276 296
277 278
277 287
277 297
278 279
278 288
278 298
279 280
279 289
279 299
280 290
280 300
281 282
281 290
281 291
282 283
282 292
283 284
283 293
284 285
284 294
285 286
285 295
286 287
286 296
287 288
287 297
288 289
288 298
289 290
289 299
290 300
291 292
291 300
292 293
293 294
294 295
295 296
296 297
297 298
298 299
299 300
