ToroidalMesh_C3xC4xC10
120 120 360
1 2
1 4
1 5
1 9
1 13
1 109
2 3
2 6
2 10
2 14
2 110
3 4
3 7
3 11
3 15
3 111
4 8
4 12
4 16
4 112
5 6
5 8
5 9
5 17
5 113
6 7
6 10
6 18
6 114
7 8
7 11
7 19
7 115
8 12
8 20
8 116
9 10
9 12
9 21
9 117
10 11
10 22
10 118
11 12
11 23
11 119
12 24
12 120
13 14
13 16
13 17
13 21
13 25
14 15
14 18
14 22
14 26
15 16
15 19
15 23
15 27
16 20
16 24
16 28
17 18
17 20
17 21
17 29
18 19
18 22
18 30
19 20
19 23
19 31
20 24
20 32
21 22
21 24
21 33
22 23
22 34
23 24
23 35
24 36
25 26
25 28
25 29
25 33
25 37
26 27
26 30
26 34
26 38
27 28
27 31
27 35
27 39
28 32
28 36
28 40
29 30
29 32
29 33
29 41
30 31
30 34
30 42
31 32
31 35
31 43
32 36
32 44
33 34
33 36
33 45
34 35
34 46
35 36
35 47
36 48
37 38
37 40
37 41
37 45
37 49
38 39
38 42
38 46
38 50
39 40
39 43
39 47
39 51
40 44
40 48
40 52
41 42
41 44
41 45
41 53
42 43
42 46
42 54
43 44
43 47
43 55
44 48
44 56
45 46
45 48
45 57
46 47
46 58
47 48
47 59
48 60
49 50
49 52
49 53
49 57
49 61
50 51
50 54
50 58
50 62
51 52
51 55
51 59
51 63
52 56
52 60
52 64
53 54
53 56
53 57
53 65
54 55
54 58
54 66
55 56
55 59
55 67
56 60
56 68
57 58
57 60
57 69
58 59
58 70
59 60
59 71
60 72
61 62
61 64
61 65
61 69
61 73
62 63
62 66
62 70
62 74
63 64
63 67
63 71
63 75
64 68
64 72
64 76
65 66
65 68
65 69
65 77
66 67
66 70
66 78
67 68
67 71
67 79
68 72
68 80
69 70
69 72
69 81
70 71
70 82
71 72
71 83
72 84
73 74
73 76
73 77
73 81
73 85
74 75
74 78
74 82
74 86
75 76
75 79
75 83
75 87
76 80
76 84
76 88
77 78
77 80
77 81
77 89
78 79
78 82
78 90
79 80
79 83
79 91
80 84
80 92
81 82
81 84
81 93
82 83
82 94
83 84
83 95
84 96
85 86
85 88
85 89
85 93
85 97
86 87
86 90
86 94
86 98
87 88
87 91
87 95
87 99
88 92
88 96
88 100
89 90
89 92
89 93
89 101
90 91
90 94
90 102
91 92
91 95
91 103
92 96
92 104
93 94
93 96
93 105
94 95
94 106
95 96
95 107
96 108
97 98
97 100
97 101
97 105
97 109
98 99
98 102
98 106
98 110
99 100
99 103
99 107
99 111
100 104
100 108
100 112
101 102
101 104
101 105
101 113
102 103
102 106
102 114
103 104
103 107
103 115
104 108
104 116
105 106
105 108
105 117
106 107
106 118
107 108
107 119
108 120
109 110
109 112
109 113
109 117
110 111
110 114
110 118
111 112
111 115
111 119
112 116
112 120
113 114
113 116
113 117
114 115
114 118
115 116
115 119
116 120
117 118
117 120
118 119
119 120
