ToroidalMesh_C4xC4xC5
80 80 240
1 2
1 4
1 5
1 13
1 17
1 65
2 3
2 6
2 14
2 18
2 66
3 4
3 7
3 15
3 19
3 67
4 8
4 16
4 20
4 68
5 6
5 8
5 9
5 21
5 69
6 7
6 10
6 22
6 70
7 8
7 11
7 23
7 71
8 12
8 24
8 72
9 10
9 12
9 13
9 25
9 73
10 11
10 14
10 26
10 74
11 12
11 15
11 27
11 75
12 16
12 28
12 76
13 14
13 16
13 29
13 77
14 15
14 30
14 78
15 16
15 31
15 79
16 32
16 80
17 18
17 20
17 21
17 29
17 33
18 19
18 22
18 30
18 34
19 20
19 23
19 31
19 35
20 24
20 32
20 36
21 22
21 24
21 25
21 37
22 23
22 26
22 38
23 24
23 27
23 39
24 28
24 40
25 26
25 28
25 29
25 41
26 27
26 30
26 42
27 28
27 31
27 43
28 32
28 44
29 30
29 32
29 45
30 31
30 46
31 32
31 47
32 48
33 34
33 36
33 37
33 45
33 49
34 35
34 38
34 46
34 50
35 36
35 39
35 47
35 51
36 40
36 48
36 52
37 38
37 40
37 41
37 53
38 39
38 42
38 54
39 40
39 43
39 55
40 44
40 56
41 42
41 44
41 45
41 57
42 43
42 46
42 58
43 44
43 47
43 59
44 48
44 60
45 46
45 48
45 61
46 47
46 62
47 48
47 63
48 64
49 50
49 52
49 53
49 61
49 65
50 51
50 54
50 62
50 66
51 52
51 55
51 63
51 67
52 56
52 64
52 68
53 54
53 56
53 57
53 69
54 55
54 58
54 70
55 56
55 59
55 71
56 60
56 72
57 58
57 60
57 61
57 73
58 59
58 62
58 74
59 60
59 63
59 75
60 64
60 76
61 62
61 64
61 77
62 63
62 78
63 64
63 79
64 80
65 66
65 68
65 69
65 77
66 67
66 70
66 78
67 68
67 71
67 79
68 72
68 80
69 70
69 72
69 73
70 71
70 74
71 72
71 75
72 76
73 74
73 76
73 77
74 75
74 78
75 76
75 79
76 80
77 78
77 80
78 79
79 80
