ToroidalMesh_C4xC5xC5
100 100 300
1 2
1 5
1 6
1 16
1 21
1 81
2 3
2 7
2 17
2 22
2 82
3 4
3 8
3 18
3 23
3 83
4 5
4 9
4 19
4 24
4 84
5 10
5 20
5 25
5 85
6 7
6 10
6 11
6 26
6 86
7 8
7 12
7 27
7 87
8 9
8 13
8 28
8 88
9 10
9 14
9 29
9 89
10 15
10 30
10 90
11 12
11 15
11 16
11 31
11 91
12 13
12 17
12 32
12 92
13 14
13 18
13 33
13 93
14 15
14 19
14 34
14 94
15 20
15 35
15 95
16 17
16 20
16 36
16 96
17 18
17 37
17 97
18 19
18 38
18 98
19 20
19 39
19 99
20 40
20 100
21 22
21 25
21 26
21 36
21 41
22 23
22 27
22 37
22 42
23 24
23 28
23 38
23 43
24 25
24 29
24 39
24 44
25 30
25 40
25 45
26 27
26 30
26 31
26 46
27 28
27 32
27 47
28 29
28 33
28 48
29 30
29 34
29 49
30 35
30 50
31 32
31 35
31 36
31 51
32 33
32 37
32 52
33 34
33 38
33 53
34 35
34 39
34 54
35 40
35 55
36 37
36 40
36 56
37 38
37 57
38 39
38 58
39 40
39 59
40 60
41 42
41 45
41 46
41 56
41 61
42 43
42 47
42 57
42 62
43 44
43 48
43 58
43 63
44 45
44 49
44 59
44 64
45 50
45 60
45 65
46 47
46 50
46 51
46 66
47 48
47 52
47 67
48 49
48 53
48 68
49 50
49 54
49 69
50 55
50 70
51 52
51 55
51 56
51 71
52 53
52 57
52 72
53 54
53 58
53 73
54 55
54 59
54 74
55 60
55 75
56 57
56 60
56 76
57 58
57 77
58 59
58 78
59 60
59 79
60 80
61 62
61 65
61 66
61 76
61 81
62 63
62 67
62 77
62 82
63 64
63 68
63 78
63 83
64 65
64 69
64 79
64 84
65 70
65 80
65 85
66 67
66 70
66 71
66 86
67 68
67 72
67 87
68 69
68 73
68 88
69 70
69 74
69 89
70 75
70 90
71 72
71 75
71 76
71 91
72 73
72 77
72 92
73 74
73 78
73 93
74 75
74 79
74 94
75 80
75 95
76 77
76 80
76 96
77 78
77 97
78 79
78 98
79 80
79 99
80 100
81 82
81 85
81 86
81 96
82 83
82 87
82 97
83 84
83 88
83 98
84 85
84 89
84 99
85 90
85 100
86 87
86 90
86 91
87 88
87 92
88 89
88 93
89 90
89 94
90 95
91 92
91 95
91 96
92 93
92 97
93 94
93 98
94 95
94 99
95 100
96 97
96 100
97 98
98 99
99 100
